12095
26163
40109
12086
13121
48113
36061
53033
06073
17031
41029
12099
48201
11001
01097
09009
04013
06007
25021
06083
36047
55133
42101
48041
34017
04019
06065
12103
32003
12057
06037
06071
06059
28071
08031
37063
29510
48439
18097
12011
06001
49035
27053
12115
22071
06081
20173
48121
28049
36055
06067
47037
24031
31055
55025
39049
34013
20091
40143
47093
34029
13051
18003
51810
29095
42071
25025
48453
12073
21067
17019
39035
13135
23011
12033
47157
34025
37135
36085
16087
12083
48005
01073
13059
41067
10003
42003
41039
36029
36005
34007
28035
54039
48141
55079
51059
06113
48029
51107
16001
41051
51830
29077
53011
30063
42041
21111
39061
27123
06085
36027
13067
24510
26161
42049
42017
32031
45019
12031
21169
04005
48339
48085
26125
25017
34005
44007
12001
05119
48215
31109
35001
47179
37119
36001
13089
17043
45013
48167
45077
37129
53053
34031
39153
01089
36119
51153
51540
36103
42027
40119
09001
24005
08001
24003
53063
34021
34023
26081
36059
12081
50007
26099
06041
51510
06111
41043
27137
40027
48309
36091
08013
54061
48479
37025
27037
38017
05143
17197
36063
48177
18141
51770
12071
19113
24021
41047
06077
13063
42029
17167
48061
42043
22033
42133
06017
48491
06097
36081
48027
13245
45045
08059
35013
39017
33011
06013
51115
25015
12055
48157
51013
01015
12009
26065
18057
06053
12021
51800
17201
47065
39005
36067
20209
48375
20045
06019
37021
26077
06099
39113
24027
53073
51760
23005
12127
53061
48355
25005
22055
13215
08005
54011
45079
08035
48303
01077
37183
48091
37081
51600
42077
17089
01081
12117
13021
09005
45051
51710
06029
29019
39009
25023
12105
35049
37147
36007
01125
08041
24033
53067
06107
06055
48463
41017
55009
27071
49049
06087
12111
45083
19153
39095
47149
25027
19103
34003
08069
39151
17097
30031
12109
25009
05007
09003
47187
21227
37067
18105
39099
27109
42045
18089
39173
37051
18157
36109
45063
42095
46099
39093
48209
41005
06095
12097
51550
05009
06079
06061
12005
42069
20161
18163
09011
51121
34039
39133
20177
41003
17113
01101
26139
22017
28105
19013
42091
25013
48423
42011
45091
51630
